10965002
6833793
9815672
5402642
5806722
5553779
4681024
7852211
10174091
7323307
4665056
2971740
9158402
7388933
10166473
3273398
3682226
10414871
10477332
10780892
10708332
9069419
9339904
8631199
4653288
8151113
9442194
8703697
3115694
7428116
6269208
9079649
10421268
7576893
10732221
8664774
6750045
3067011
10188350
4666065
10045947
8664771
10186257
10226567
2119463
10705551
6601267
6285128
7435887
10780787
10609558
237874
6858099
8122888
8319011
10278332
71428
3849960
5416016
5519235
9179588
9360388
3466750
9130724
5553804
4669024
7845386
4663377
8887558
10995658
4617101
8595346
10260031
9436314
7435810
9104795
9174938
6969590
3389103
5255762
7581241
6109986
6811134
5614985
10414485
7124607
1957756
6424025
9543208
4663926
8323856
4654335
9425677
10212190
5680685
8609518
8623702
10168870
5480868
6694570
2910565
8842909
6192945
5489251
3156100
10413906
5661604
10486631
10334874
10322757
3205500
10217092
9596683
3843957
5429990
8595347
9492770
5658842
6641109
5512127
9079560
5416013
10216341
5416133
7435832
4293812
10405095
9543216
10268285
10700882
2920094
4669078
3166076
10183339
9396823
8555467
10258553
5418610
5516452
7375125
7642591
4656453
4661629
6697414
6497871
2964948
10183942
10381048
10732205
4755831
10335641
4510879
10775479
5416017
8543057
9098825
6504552
5661116
5123860
9149056
9202123
6413207
4748655
4830191
5352953
10414487
8320738
4661178
9044716
5429972
1315671
5518999
7338814
5936384
9098810
7878298
5549704
5641715
7303555
5268441
7309662
6855066
10226682
237504
8606585
9436312
9069420
6281017
8452738
10217095
6038941
7377237
8419843
9324943
5704399
7950561
9492798
9543213
5366239
4713456
6447992
10172529
5418778
10216198
8192405
5862899
1475479
10963726
10993919
4669077
9338683
5353411
9183703
3163876
4661161
1982124
9123002
5489947
7499616
9081669
3958904
8645568
9114050
453250
5438420
8653438
61629
8192496
9082307
9076717
5375300
6855120
8606595
10172584
4670840
4665095
10217045
9081671
9268922
5489463
8883929
10226341
5646353
3209548
9596684
5438415
7642540
3851995
9222482
5927727
7644993
8609635
10189075
6772862
1648188
10226517
6802263
5608064
7062751
8883912
6504556
8814779
6483547
10190384
10381732
7577011
10414493
5518987
10212313
6781479
8975991
9786261
7583629
10585426
7612086
4826776
10726567
4662978
5499283
4822985
7296686
5512119
9536617
7642951
7644761
6772492
5704728
1902533
8660369
6741193
10997869
9703451
7134670
6955514
7408397
7241416
10215960
6416007
6011815
10212730
9122928
7576948
2940173
10901155
10406764
9007402
3185558
9033344
9974751
5519232
4496747
10463675
5282877
7309663
8317914
4670705
6269150
10473631
5415970
6632554
10421514
2955450
6879210
5646330
4775415
9050942
10188349
9536618
544257
5175662
10945394
10418352
9149059
237383
3854097
5430033
9360352
6786233
2035340
8185139
10705204
9475288
8033689
2472837
6611909
10606364
10929852
6161348
3512203
9130719
10519343
5664049
5704524
10237288
4755910
7655936
10699962
10226479
9155477
9303660
9626070
5307296
9113867
8660114
4663386
8643017
5365990
8631200
9268643
6752730
5626572
7661464
10406832
8348295
2297095
9130727
3484505
10752290
10235741
5729241
5519236
7583499
10391957
4648597
6423929
9219079
5416242
5514840
4277946
2179752
3064363
7828106
9095491
10963288
7644786
10172586
7755929
6410764
7437510
7433774
9069552
7648411
10217475
6449988
10893790
1330058
5508934
9132252
10217359
3252742
7622158
5484489
6483543
6688025
6781484
6879204
4522669
4744221
9282722
8192461
4661653
10206895
7749028
9215783
5484593
10187353
6269023
5316643
3113613
5426855
3843947
9123411
8645566
9492799
7612168
10675328
10287705
6641332
9986844
10223971
1549277
10172587
10217017
9426876
5435357
6038931
8609510
4668853
7543695
1330056
8776808
6772801
5527968
9133507
4510872
8429233
9120160
5489948
5497211
8849741
5283155
5519234
10189897
10901370
5981416
4753455
1625425
10200940
3256361
5416256
4767407
6060158
5996232
5385565
10045954
10156828
5519144
4515772
7644490
2910563
7315524
9098149
10980917
5508432
10188123
7656058
10404581
3262988
9149057
4553672
4654334
6785918
8489701
9128886
8317559
10287681
5327006
3250964
7319342
8192550
5553803
10216220
4668773
933974
3168678
6818762
8185916
10464085
10167834
3168685
6483548
4662995
10410131
10180835
6666892
6142549
10213407
5484386
10212171
4663378
10180811
7687923
7618859
8413851
2921113
5319715
9060534
7511048
9103348
10414869
10172583
3829217
10168884
7566648
6038935
4658805
157105
7323325
9033351
10172517
9438566
10227366
5391827
4665426
9815063
9594107
9143368
10226566
10473632
5277068
4234302
6229050
8185781
4668539
9728866
9098895
5508921
5547862
4488035
6038928
8537988
1321855
9128882
10200954
7382648
6423690
11005451
10212975
3827857
5568373
5553780
6269136
9742625
8616968
3185570
9158336
4585502
5446857
4653610
8879426
10406622
2317217
6881122
6057527
4658707
8641866
5509071
10322917
6554048
4753457
1984502
8328820
4539164
4665427
10228942
5514657
7373502
9786398
8722194
5733910
5816676
5521179
10980845
10780893
4676532
7082209
8660177
5985149
8151115
10946021
5489561
10188525
3996648
10893025
8657526
7207182
8624260
7309667
10722413
6802031
7702960
9119229
1556045
453248
8396609
9082377
9155599
7756074
4811045
9772823
5123853
3123079
9926597
5646364
4661073
10963290
10059587
9195155
5514658
5476238
5148236
3764785
8112114
9195156
5282891
237361
9098046
10173116
9202127
6781499
5283158
9033407
1605655
6352141
4676521
5553782
5342585
5646333
10405017
9537409
9130721
5517410
10206181
7728803
9767590
9044757
9075809
2180770
9033406
1869301
10225787
10235612
5472022
9891018
6772805
2917657
8904025
4851338
10212803
6772802
10188120
8660232
10172523
8660229
8624409
6750042
9939806
2881960
4661624
9151099
8185147
2216408
10609561
6811806
9371947
5448681
2779596
10336145
10227635
9339900
10699382
9160813
9470241
7395438
237352
10169100
4668781
2307088
2179751
4676529
8770446
9179585
5489581
5704733
10726682
7930027
8722193
237341
5601022
5186200
7655572
8192554
8328830
63184
9082305
10336007
4662975
5904037
6742590
3160310
10200930
9123033
9273797
4663922
9067367
9081670
6613582
2910552
224948
10400591
5528025
9040696
8350772
6424023
5382904
8185425
10986933
9098406
8831809
7644320
3170055
8664779
4669079
8643142
10335571
8718169
7657985
2931208
1883913
6377341
4665425
4547486
9132276
3843899
5489189
10168868
9183502
237686
9815065
941006
7655944
9222473
9268926
10404002
5641987
5753005
6666607
8832113
10213016
9151100
10511771
10787608
9786399
6781535
5588030
8795400
8592565
9441869
8631197
5473526
3209562
5309919
2599743
7644319
5549699
5501476
7931919
4538144
7931921
2777162
9425443
149096
237673
9594115
2797121
9098893
9158947
5631421
5964472
9149062
6786231
6611882
5438424
6908070
7391325
2970132
9174935
5416014
4775403
9392432
6323813
10901368
5553743
10167194
8503217
4510911
6318580
10825712
6269095
3844037
4676528
10267229
8633564
7088218
8859985
6858107
6704706
6038938
10230424
5652574
10210710
9068941
10177944
10206457
9072146
5650369
1627912
10336388
10301787
8823626
5685953
2925720
8323866
2283099
9492877
4656368
4663912
5322409
5892209
5418867
7661492
10395484
5426862
5383335
10201047
9520728
2955569
7705220
5646355
5527938
10213417
8592465
6424038
9067373
9493366
6317836
10418359
5620670
10216778
237506
5400618
9671995
5418781
7434884
10918078
4095833
5268487
3126623
4293822
5626574
4488037
4663929
10230268
4756126
7082648
237549
10395430
8493718
7655557
10156826
2812900
1153323
5901461
10980867
8633567
5759017
7682658
3045949
5549697
9175402
4668864
8112070
3494092
5953377
237374
8643066
9474275
10322723
5552330
4861883
4617103
7621524
8841376
2925715
4293815
4795230
5282881
5519137
4278395
6478156
6332681
5704735
10302559
4488024
4648738
2797366
10614550
6792461
8633457
8841374
6112652
9538193
3797565
10992831
9920202
7331179
10167000
9631996
8820061
4656419
9376619
10211851
10620029
9155487
6275209
5553810
5508927
8814903
5972916
5636495
5416294
9425652
420415
8641865
10267213
6447055
4662973
10230405
5733945
9059597
10190220
9303661
4510907
1887631
5512141
9060028
574427
7177278
3996646
10226769
9100500
548965
9072115
10225725
6758706
5685955
5756126
7702870
10366817
6281016
9103350
4661177
3795491
5825814
2855314
10172527
10404431
8616969
4775416
10216151
8185666
9133207
5435630
9523032
9192584
8609511
5489551
5552334
5430020
4668757
8457799
9441867
3480491
10322896
7870999
9804454
237265
9543210
3117678
7702159
9334050
5960434
7661612
10425269
7116873
3334338
9035926
5512128
10997853
5365991
4658799
9176997
9538190
10376451
4656409
7702467
2315576
7401909
5510675
8509738
4663662
10210709
10726566
10414373
8631198
537286
10963753
3631967
5327001
6401690
9152625
237218
4662830
8624665
4661168
7455876
10070550
9123317
9063051
8274882
2366420
10183943
7657943
7036470
10676124
8185856
2179749
10188528
7163149
8515659
7437526
3009054
8703685
10226044
9155521
9728862
3874688
8610702
6317819
5646369
6031870
9474429
4654329
1351897
10206444
8864706
4658649
4670841
4265198
5991545
9926601
6728093
7643985
4778581
8317562
5177726
1346379
5646340
9100750
10452513
9268632
9492768
10173391
6554051
1755485
6478199
4488026
5636648
7583681
8592478
2951704
5609514
3205491
5282896
5480867
5692276
3844048
7702846
9552412
10267729
10226503
3120391
10381017
7903058
3156102
7222342
9098839
8736068
4668829
237258
10166790
237326
9926578
10512006
9594109
1751110
9492769
9078476
5416015
5415432
4795229
7682829
7332609
10404064
10226007
6483536
5381344
10335327
4668538
4830146
10752292
5371062
8826064
7378787
7642596
1277666
23171
2978352
10213141
9282728
5416009
7435666
2975817
8791154
9486986
10200067
6401651
2859018
10167001
10187355
6301553
5642384
1451676
7395440
9303656
9119117
3113664
10995172
8731409
9092877
4668761
4661635
5381641
812874
7395405
4830099
6880989
5618151
3843929
10229168
10183319
5729239
9471849
237548
6741077
5375259
9708237
9543211
4572399
3329539
9075812
7528363
6031984
2971830
10082089
10168866
3996721
6397079
8542832
8192503
3151478
6833824
10227327
6750295
6424027
5936320
9104793
6483531
5652598
5714035
8192548
10128352
10892493
5862900
5953374
9135339
10188911
10400726
9044713
548964
10178982
5519134
8660175
2305831
10166475
808877
5476349
2964949
10206216
10223970
9104901
9080898
8791155
7746070
6031999
6858101
8616970
5489449
9123277
6269041
3676840
6504557
5563230
5631420
9058962
10015088
5328639
7332489
5552325
9113628
6553723
3764781
9624648
9098503
9471612
10167833
6611905
4861882
7655515
1623228
10206285
4658709
10217509
7655570
6802395
8192475
6452853
9671997
3203383
10721901
7576880
238168
9642392
9501272
5415969
7168110
10724022
3064259
4533913
9120159
9059064
537429
5489563
4681252
5762494
4755828
9076242
9133294
10013271
5322410
10182633
6699134
10393251
10182632
10226050
10631599
3203002
9415498
8185897
10405093
6495673
6377342
8941708
10226028
8320413
6772865
8906830
10403550
5910223
960411
5481894
6704708
8596028
9471850
5547860
8185192
7580786
7621310
8606242
5123866
7644677
7753532
6031838
5993331
9075807
7368369
9767249
5804076
5438414
5512297
9179591
3067442
5381612
9100961
10059150
9302967
4654314
10172519
9155211
10216450
8664772
5418783
5519237
6880981
6840086
4656410
8185198
6666863
10045953
9368699
10340080
9629138
237260
9119230
4676330
8319734
10949842
7645213
9302962
9098081
5416065
5516444
3496168
9178785
4807670
5519145
10111035
5512137
9105773
10115327
9133520
9099401
5519136
9035225
8671188
3185981
4661093
8731016
8864787
10775963
10166474
6752729
6060159
4665531
9081678
7661440
8328821
5891685
9135882
4665530
8621552
10720881
6504551
4661171
5646374
9095492
7661437
5856951
7648596
4663369
5508950
5207439
10225393
9370861
7359793
10986386
5426511
7702894
2889541
4668851
9338839
10336119
5519046
5430028
5825772
4575358
4488041
5286474
6553975
6416006
9123165
10235780
8657530
4090183
6580044
10669838
8502692
5549690
10199968
6772804
5383355
4661628
7062752
10643125
8409148
9053507
5553795
4661620
6526104
3317674
7084381
10614103
7616895
9082739
10669427
10278330
8323862
9123403
6401650
5508919
10192323
8631196
5489526
6223759
10174333
5438416
533743
2894643
7435673
5519140
10567777
8864793
10776552
2338065
4773168
6969589
9084309
10213490
6840088
3676566
5900599
2859048
9518802
5909261
9054220
1047791
7105177
9460151
10822477
10403761
1627522
9161171
10414372
9123187
9133505
5641719
10189425
2957911
3219044
5504225
8328828
10997332
9469989
10183335
6641112
5207429
10190020
4656408
2797120
6788719
9079316
7703070
4668756
3843997
6802266
7084604
9205856
9076100
6428377
4654311
5553806
237380
2223275
2146834
10980842
9201922
4679518
9050966
6814169
6031981
10822471
8546717
4665428
4653287
10700112
9069418
7428117
7655432
10178368
9605519
9113332
2463460
11015452
10235604
10190306
9397978
1883904
6060155
5480886
9256419
5283160
5511875
4665136
10200066
10595882
7395413
7715098
4673450
5465578
9393077
8624664
10946317
5399990
10967691
4794798
9118564
7644706
237545
10726564
9155209
1626895
8788309
9767231
9081445
5489543
9192532
7702948
5904359
7656019
6802390
10460947
5508932
10337437
9072216
4676526
8126304
10780584
5353428
8258748
5504223
10190057
3256324
10675330
9080361
9525177
9339903
4048267
4670978
5328472
5438421
3843923
10965271
10567027
6802069
8323873
5499513
10365524
6038940
9629313
11010463
10189413
4822984
4775546
8060598
6038926
2315381
7614637
5887009
6038936
7702460
4663447
5465529
10167831
5484703
8643068
9339063
4656406
9095340
4861884
5617397
9396817
10918013
10077846
5517400
8429629
9044718
6611908
7435714
8323854
9268633
10187354
6992399
10166793
10167003
6269018
5446860
7682552
3827855
6923935
5426861
5177721
9098095
5366240
2921269
4653204
6811803
4717772
8429232
9596687
4717774
3123076
4670722
4572400
10811207
4665524
10342099
6955513
9177025
9939803
10268059
9135460
6415982
237498
4798731
6802122
7303571
5430034
1626892
10675331
10775477
7067496
5508960
9076140
8649163
5426509
5748002
10212213
7675638
10064592
5484584
9082740
6702932
10183919
4617102
8555475
5539606
10542206
10340067
10226056
9119228
9059063
9466985
7499608
10365523
10187352
539811
4799621
7511323
5416257
5499282
7795814
5412449
9470265
3530233
10169095
6377395
8079585
5372786
9278010
6781536
10186172
7642952
10322755
10167667
9594153
3843919
10403634
8326071
5514833
6747249
7371335
9478629
5426564
9183503
3007275
5514834
8592475
10620030
10337436
5913232
10975328
4662968
3158336
9334052
5215223
237543
6520778
7576989
5634617
7618506
8633565
5553739
8185191
9436231
6483535
2907522
7401975
8687423
5316646
6788716
9881454
5465531
237875
7661027
4811394
8185477
5552327
6849205
4653195
10173452
5553807
10226690
5519116
3045962
7702983
4666044
9973779
5646363
3245935
7034478
10231042
10189423
7510628
9048585
8537986
10442652
7655491
3250706
5499286
10206375
7299363
5517061
9986842
7435886
8509739
8716089
10188527
8199229
4665533
9341279
6517689
10213370
7332628
7096046
5438428
7642528
8660366
4673447
5435629
9338840
2198543
9033324
7375003
4665057
9815064
6640937
6752731
7642507
7368404
1973860
6771365
6611907
5510673
6023885
9104894
6038930
9099635
7576988
8643406
4673388
971480
6632470
5430031
8998910
3958906
4665054
8859989
8308002
10418353
9161172
6475728
6031993
5527973
10945390
9031658
9297929
5430016
6428378
5640185
4234310
5418864
8879425
6760889
7576971
10721468
8823624
10404687
7763087
4665376
9891017
8328818
9303654
3168734
2399761
10259318
3506853
6011814
3273120
5947766
9082306
4665525
5489572
8555474
9098063
9600027
4653196
9537407
5253075
5887481
6880988
6771323
5814395
4617104
10172532
10902875
10945393
5549695
10174327
7705253
4822872
5438418
540732
7642278
10473629
1047789
2962876
5521180
8080197
10212489
9122621
6478398
10775962
238273
9662869
10396980
8192492
5652604
4661067
6534228
8252807
10302560
6878929
6801487
6036848
10334695
10442893
10190031
2275092
9960253
10617797
4661621
9442202
8185196
10512067
4681235
10189376
9097585
2919733
5296707
4661626
9202126
10334894
9475423
6772405
9457059
9728827
9105572
5641710
5489568
237342
3913079
3156101
9775087
9339909
6208060
8736064
9303653
8624464
6741079
4668830
7543702
6849203
3849726
9594105
10335505
10213373
6772807
9160933
9098059
9090199
4663925
5884828
8199213
5427844
10183918
5446864
7987181
5512121
9538189
5430003
5489252
4668534
2888703
1627002
5512130
10780555
7576943
5389211
3997999
237502
10381050
9081666
3208801
3797564
5806721
5297329
7528631
2931220
9075810
4656388
7499609
8610548
2518718
9099636
6802071
3676835
9113871
1671940
5341381
7657940
9610847
8192471
10212404
8555471
8115558
238167
8653449
4676533
5401047
10130534
5342582
10190209
9339908
8643012
7675890
8791173
5416295
8452740
5489546
8703686
5518995
10172611
10372236
7589320
4661280
5518976
10267228
9282723
5438437
5381553
5430005
5465583
9050943
7583524
9441861
7363439
8687422
4676335
8822107
6554034
9786038
9902704
4661156
10385205
10481696
8623700
4665119
7590365
9869309
6781494
10179004
4656366
7025755
7728955
9973783
10657033
5322411
10404414
6879218
7283144
5177723
10173118
5504221
8736070
10976004
10983839
10186264
9133508
539812
4661158
6666865
4794618
8462401
10190208
10216008
8103269
8185141
10780785
5489249
10322299
10216785
7309674
9712625
10212907
11030315
8114681
9076136
7160446
8493715
10217018
10949999
7036233
237871
6801505
10183087
10212507
8653437
4547847
9067368
5318929
8870275
9698668
7655454
1285818
5806713
7928862
9072152
9525178
6215407
9467457
10212142
3653891
9671999
4234313
9239893
6666060
4673449
5508930
2855471
9183704
8840866
3182505
6858109
5704533
10660616
5753469
4807661
9912469
9122788
7645355
9172015
9715885
9130811
6802026
5415966
4654328
5489250
10732206
10212989
3160207
8192487
2726741
5484387
3373575
8643408
4648587
5426514
10166791
8726213
8804294
10178238
10226067
6855067
4234298
7168101
4653628
9161170
5435626
4553676
8643011
8703691
6002700
10401709
4668775
9884579
9179578
6788720
8848964
10405437
5499290
2934664
9098552
6215406
6483541
5553796
1987102
2136628
10205642
6601266
3843913
9098802
812603
5747998
10917921
5148233
8746323
6318372
10206135
6802024
5416252
9713563
9050963
7323152
9728826
3466751
9436232
4547849
2004666
238266
7703372
10166882
10994172
9033350
4547571
10893793
7382647
4293813
8606240
10986708
10372201
7702594
10335726
5395207
3281320
237379
4668919
9047042
10172530
5514663
9268925
6640864
10780976
7395410
9435049
10085147
9823528
2969996
3847761
5641714
5512140
1869307
10327176
6781498
3182384
10190092
1626893
9641314
5426547
3168676
4569388
10053187
9245211
9339898
9044715
4793039
8429630
8731076
9149066
5463756
10892491
9368696
5435631
8849969
9158392
7614184
7140786
5712123
4661063
6037549
10173962
8192412
9123404
5474427
5435627
10188733
8192479
10669837
4547854
9277984
6205882
9133225
2858675
5480872
538798
7929105
4675827
5463755
5207739
7147439
10190078
10174221
6879209
4488061
10127988
10187142
8192538
8859988
8456313
9099632
8192489
8712986
8168426
10229278
7590447
8323858
9302961
6031991
10189902
9902702
3049834
9099633
4676522
10217506
6038924
8791171
237542
6475736
5646371
6031990
9103532
3996750
5430015
6424037
9206437
5426504
6605924
8879424
3507641
9436316
9219549
6747248
9104794
5322558
2927679
534872
2930814
10167666
3682137
5489475
7928868
4665137
5174869
10190356
9796263
10180812
10267715
10822231
5484627
7309665
9492807
10403497
5514660
8611009
10211893
5500891
10414492
10216335
5489354
237360
10414866
9600022
9727440
7034644
544255
10403769
6666608
4553678
10230404
4293814
5489474
9596686
10947211
10888157
9103533
10729518
10414454
4680922
9006941
10335506
9160932
10776551
6688011
8831811
3207474
5489565
6879207
7618796
6269163
6317838
9098047
8812188
6464473
7702638
8227641
10168309
3273394
4547851
5435645
6634010
9220906
8624465
9072179
5438423
7150804
9063148
9538191
9098048
5283157
7084600
9874845
9035226
237544
9824116
10463677
812608
4234307
8643321
4662982
10787607
10336572
8192406
4510909
6269021
7036471
8731065
9114432
10168883
9222472
4777789
9370857
6423688
10188706
3574410
4822987
5470439
3186022
8592560
7645357
7205008
8820060
10226770
4668767
7645408
333535
8703696
4675859
8098103
4293818
6817064
5282350
6483546
7363437
7576873
9038073
9033322
8883903
4794995
10173142
5604963
10229243
9441655
9537415
10178367
8641864
4648325
5753470
9155476
3008332
7931922
10822232
10301538
6666862
4748656
5282894
4665055
9343446
7034836
5519231
1070584
8592474
10172588
9360179
9594113
10167009
5489573
9397977
5418862
6205462
7201050
7435926
10964572
5325355
9105576
10908557
5716979
9127774
5552374
5514837
6786240
6174302
5972830
5283159
10230606
4654332
5649811
5480853
9063257
10729514
10335575
8192490
3160250
10406662
3202999
9466986
9334744
5481893
8842759
8326069
10930163
4673384
6897994
9098804
3740263
10178752
8555473
4240287
537244
6879159
3207386
7900890
6908069
4861893
6879182
9102630
10189949
10188801
5356197
3067018
10425273
6612633
5981191
10403524
10226781
4680894
10336402
7382646
9124073
6741078
9537408
10206393
7644891
10205643
9179593
4553674
5509109
6750047
5472013
5489528
2333679
9425624
5498884
8849861
9098121
1973859
7804862
5316844
4669030
7328582
3185686
8024892
4661095
10521306
10201747
7435276
10216437
6286690
9471853
6749899
5646356
10403482
5435621
5553805
10315966
8609520
237472
10169101
9160936
6849204
5386614
5519047
9269852
10606366
6391319
4240281
10183334
5517401
6811133
4658980
10206630
10391472
8348372
9105815
6641309
10168864
5504256
2216325
4661085
8624412
7087832
10720880
1869317
4547404
3237713
5887503
8192502
6802392
2858660
10230423
6639453
10267225
7712128
7510629
4658803
1623614
10227057
3127527
5549687
10187272
6126956
6879161
2916460
5372763
9523035
10058480
10183316
10753405
7729329
7661235
9273796
2124963
8286228
10481176
6391317
7822760
10726568
10980864
5630067
10403998
6833825
5253183
7734145
10267218
10322266
4795231
9099133
5646359
9179584
9815061
4653613
10368407
5553788
6031996
8624262
5283147
5519177
4656478
10395432
3045912
10323260
7703016
9069504
237354
237872
3126617
9099402
7174146
10724023
10169131
5444093
5472391
10292538
8703689
10200971
2919748
8192546
10059622
4661625
10235754
9093005
7150765
7372299
5638349
10213484
6031983
10980846
537389
2777163
2920098
9509828
7702788
531996
1240970
10183605
8185055
9557974
10189447
6833829
5426515
4130652
10908735
2969994
9339466
9622541
8102982
6637671
4663382
8606586
8555469
4663444
9538188
3585922
3918970
6666868
10669833
5316721
1694963
8328829
10335640
10212886
5993240
9775819
10787609
7332490
5518977
4668848
3082502
1415293
2768377
7753535
7388915
10335847
10567028
10603701
8102983
9713559
10216056
5718888
9036714
10206458
3182516
5652595
10213012
9503202
8653439
5177725
10926524
7117167
7437517
7202034
3843912
5429994
535359
6802025
8722562
10295858
5416253
9177029
10189948
8941706
4668533
8621554
10212728
10354102
4656402
5316657
6234541
10178591
4794795
10790679
5716978
2894652
8409147
8499395
10186245
7576927
5253074
6930737
4663931
6449999
5326965
9130716
10991903
10323097
4666046
7382645
9471611
10747783
6955512
8493714
9471851
5646329
9266204
5342586
9103644
8609515
2925955
9183697
5489529
10814705
10418213
10173389
4627062
6771364
5806712
5514825
7435350
8595739
6723012
237878
10186309
10619197
5508926
7702740
7309670
6879188
6697182
6157631
9075806
5207422
3303810
9520730
10336015
7408247
4822821
7753537
5207759
6833821
3273109
10712081
10168307
4811044
4666045
4673448
9084344
4822979
3843922
9537411
4585501
7663499
4794997
5435628
5123856
8496560
4661092
5438419
9076244
5365992
3216511
2938287
10404476
4552857
3751409
3064361
9338680
9103349
9823530
7030059
10216221
10190114
9973785
9469987
10726679
7642536
10808007
3958903
4807672
10111034
9396812
10559031
9056655
4109250
9135413
6624747
6038945
8653444
9726966
4794800
295846
5631414
3343835
7655662
8731072
4666071
8660223
10173960
9396815
5646334
10212215
4569069
10336403
6772398
5395644
5592572
4654320
10340066
8954706
4776041
8610547
9268645
1330059
5489133
10188974
2969995
8429626
5499287
2472848
10212906
8631063
2971723
189360
5472020
5652603
2338619
5644556
6415979
9155210
7328584
10172589
5553794
7638964
7579298
9442193
4653631
1869323
10309579
9303652
897752
10173388
5255758
2929328
6955561
9926598
7374368
9098120
7437561
9095266
9079647
9098824
8664768
4278396
4661623
3844041
10230411
10404000
6632551
7363870
10614549
5733911
4775978
7616972
7834407
8434179
1241590
5480860
6426056
1883910
4668754
6437552
7703040
9361436
8552476
10336589
6417381
10336437
6461651
7854538
10986938
237684
4662829
9107821
9092878
11033277
5489544
8643143
8954705
5307314
6377337
8643317
5509069
8864792
10226729
7332627
9076050
10381035
3273106
3156099
9158395
8664767
5536767
5316658
4488030
10187141
7712166
3182495
6727854
7655569
6268856
9100497
9201929
5418394
9334740
4794982
8820066
7299364
6942097
9956290
10230429
7587221
7702463
8185657
4661089
1397459
5415425
8820063
10335341
10735743
5704737
4669081
4661071
9155558
10190058
9436233
4666070
5489531
5410679
6308312
10216187
5518973
8474972
9100957
6424036
6424030
5512133
8827645
6368351
10167193
6785604
7792134
8731074
237474
9195151
7678777
537369
10868034
5418612
2965995
4240282
5416010
10705205
3740585
8027880
9102983
8115557
8653451
7395408
9492767
9426875
6879217
8319775
4661176
10212898
5685999
9425440
9334006
4661205
7538924
10425268
10799072
960412
8538952
8031017
3067444
8609519
7155166
8608547
7702721
6220132
10336799
10190352
10205777
4048266
10334855
9629140
4668537
5380771
5381110
10174219
9130722
10130531
9054224
3254850
10058483
8623699
8653450
5282480
8921798
8703690
7642533
8317563
4775401
7308816
5927728
10190201
9178823
9130720
7428115
10267210
4668772
7084519
237359
5409043
8643140
6268872
9058961
4682205
8824695
8664777
7655479
5641716
9796261
7655819
7702665
7643924
9158986
4668863
5685952
10215899
7136351
6176736
5646332
4710807
1321748
7576961
10058482
9130723
2768379
5733947
6879208
7104492
2216541
5480864
9035224
9158393
3466752
6397030
5282876
9114366
9804453
6576294
10825711
1902971
5207426
7428119
2793830
4670956
5416064
8429228
5636617
6880982
237356
4663668
8185140
7642549
5932687
1653671
10669843
9415499
8731075
5553797
8429226
6802121
10174089
5620672
9973732
5636492
4709976
10217041
9339061
9102986
7437522
4510902
2408811
6554022
7062757
9033345
10986934
10189414
9133228
6955510
8307847
6047288
4488025
8883928
8210210
5438426
10997330
7580562
6336419
5419076
5661605
5511873
6833791
5379668
5489448
237876
4666033
10229012
3996647
6579958
422428
7939203
5174846
5509070
5514829
8031238
8493716
10917715
10726681
4861886
4661279
10216232
9098819
8795399
6794138
7881767
9029785
237507
2793848
4510903
9100499
10963427
7702705
5207441
9090231
3113636
1321858
6439157
8328815
9469990
5857506
9095568
7309679
5446841
6552154
10226027
2071714
10190044
5516450
5630896
10735744
9082405
3767091
9098556
9273798
9393083
5887540
10566928
7401972
1883901
5553800
1153345
237501
9097642
8941705
5480586
10156821
10169094
7134618
9050944
5519048
2125411
7447618
10322759
9119303
9179586
9474430
7578055
7675633
9130931
6760511
7822968
1623613
8328790
7642610
9672001
6060156
4663669
7550069
10372866
7084402
5426508
7931923
9102631
4673387
5123859
10173117
9619990
6563849
6142544
7655428
7643907
9786179
6786235
5255755
10225927
6864138
10190008
5646341
10226633
5622158
9158772
10706752
7328583
4650376
9277985
8192452
10756565
10013269
5342286
10217153
9529551
9370859
5587641
7435885
10172585
4663923
4676525
4656395
9158405
9268639
9728860
9543212
8703694
9098812
5892237
9600026
10173143
4553949
9098555
2185568
8724152
10930162
537423
7584347
6752495
4777933
9160974
10217040
5474358
10997895
10643128
5141519
6428449
5012097
10991898
8328827
2547933
10183588
4553675
10315965
3273117
9360793
8057906
5472384
4668846
7576928
10587467
9114051
7656147
10945392
9069421
5416250
9104900
7034669
5188926
7945885
10212794
9103645
10918014
9242625
4654317
3093637
9067369
4661165
1626979
5489564
3958910
5608080
4663671
8931274
8592561
7703083
10316698
4662967
5516449
5646372
5448680
9338682
3531633
5664048
10013270
3045977
8931269
9130813
8776809
10672184
9059218
5426565
8284655
1755479
9179592
10532103
5480878
7382642
10186226
6605923
5418396
4662961
8592563
9119100
7642535
899042
8921799
8319774
7511152
10391378
5502254
5514826
10267212
537473
7455877
5207420
1346380
5510680
5489536
5514839
9242626
8921795
4663666
9268635
8611005
10606158
1153766
5174854
5704511
3958902
8864791
7655909
8788308
2859142
10167832
10168865
9518805
5953378
5519147
10675326
10706286
10442138
6060157
3184350
10206513
8252784
6377414
2273393
9610100
6879183
10606363
8493717
8185899
7306815
8643070
7642529
5365952
3530068
9048383
7538923
2179779
5953379
10189060
5489548
10699964
10183336
5512134
7303540
10169132
5729255
8429628
4240283
960414
7457402
3843894
2923957
4654309
10278339
7766367
9054244
1626889
5652605
10188710
10190009
1153347
9130726
8793610
4095835
6794139
10045950
4665373
8317565
7702855
10168146
10039130
10902874
5547452
6031995
5608033
8887557
5919014
9133519
9123278
7706339
9119242
5416062
9880302
10535041
3745975
8943740
1900725
3736775
5472398
971479
3843991
10414486
9702066
966966
10660851
10564327
6138725
4663932
5887539
8954704
3504463
4755871
9095110
7328546
3105054
10662310
6772502
5307297
6038939
7296784
4807671
10685394
5518990
8120605
6428448
9099262
10212988
7644529
5707337
10189972
7324266
7323398
4553670
10404397
7705158
5381609
5501474
3160206
5953375
8718170
4668861
9060532
3185544
10216516
10189316
3774813
9469988
6666867
7134763
9095556
8151114
3252885
276066
8227546
5480866
4794619
9523025
5177730
4675988
10278337
10406652
9518735
9268644
5631409
8621551
7792135
2877860
6030403
3353171
2934285
9107820
9082789
6614412
4753456
10229030
10192329
2978350
4668777
8060602
4676524
7576831
3273407
10581175
8288595
2924748
10166928
4661281
10481334
4661078
5685997
4547843
10691684
5551596
4658651
5514831
10335240
5552307
8731051
10722412
10990256
9470269
7644499
10168147
3281284
9158404
10675324
5733949
5553742
5519148
7583537
6317839
5496766
10322729
4522668
9483860
237349
8185900
6802267
4668770
9728865
9471610
2746413
7661442
7950634
5321893
8795398
7159025
2283782
5518992
10726993
3115696
8323868
7332295
7435807
5631405
9069553
9033405
10706293
5418874
9098801
4656387
10169133
4662984
3570157
8192408
3205518
7120817
5631407
5970526
3286616
22691
9158773
10183086
8185426
10700883
7579622
4744202
8814780
5416258
4647959
10899838
5547453
9273799
4822989
9552436
5145151
10892492
10053186
10787610
9174937
3512122
3827856
10226537
4065613
8317918
5871952
10229487
6401692
6077384
10267749
10206180
6879219
10400529
7583671
10200959
10410129
2931136
9103646
9538186
7036231
9072615
9786031
5577751
9600023
10442143
10226833
4661170
5890745
5568620
4798728
6794136
9349395
4665374
9158944
8643015
6023886
9626066
7134621
10643127
7661183
10395415
10732220
6452821
5753463
3632380
10156831
10559070
7427557
5519228
6632550
9222475
5480865
7414922
5326966
10442891
10337435
5704522
10237328
5426866
7583672
10227364
8703695
10511772
10225582
8722560
5321892
7797611
10643129
1364539
8192465
5400162
4510870
8192457
10670831
6452824
5512126
3585923
7087534
5967398
9113872
7745173
9823526
6772307
5410677
9594161
5646360
10669834
6047052
9135883
5753446
5508928
8657528
7025752
10571796
5282893
9068940
9103647
10339941
7306824
4748654
8906829
5536905
10183587
10226340
5652592
4775405
6234540
9370860
8864795
10187143
7929112
6391318
5549733
10200100
5177731
7540897
9149065
7323153
5489451
5519059
9278009
6275363
8664764
5174845
2595657
10396981
1755484
8608546
5291787
9303655
9537413
9183501
6024279
4753676
10187478
8933969
4663919
3066869
6785917
10372291
4773143
2922964
8457798
6741190
6109951
5806720
6031998
7655825
3795262
8406651
9183702
10169099
3136652
5365989
6864139
1648189
8102979
5519138
6678408
5646377
9943978
7505656
6031989
10188708
3184390
9123276
10215967
9079559
4658529
7702468
10174330
5904361
10167192
4668854
9158771
5472495
1070623
6802032
9815062
4656370
8185082
10685391
8859710
5563227
9436317
10463804
9083022
7929111
10229084
9135459
156811
7703410
5420999
5549701
3067021
5519060
452624
9080791
5207433
7067796
3996727
5482513
7642292
9973784
4522719
5646337
4680770
3007273
3006838
8621549
9339467
5255764
10986939
8849950
8185001
5714080
10481173
7335481
7705225
2223276
4659067
5704528
9339906
1626720
7661438
4661060
9033349
3103745
9339907
9098064
9594111
1626894
4669026
8323855
5283401
5518997
1397455
5322048
10415712
3254630
9135885
8664775
10481333
7401969
8653440
10407103
8631064
9910358
3106998
5831101
9454452
10790681
10217010
9986843
8027879
6858105
3208692
9911083
8489702
8931276
10721897
9119101
7382641
6416000
8611007
7579767
9926600
5177729
8718171
9158988
9492880
4281184
5418537
10199981
5519229
6031979
2991684
9063060
5638347
9178787
4666048
4572587
3949410
6833715
6310475
10268167
4663381
4663374
6741187
4663664
7644759
7741509
10216095
4130651
10228868
5553801
7678887
3996641
10182634
9084334
7332487
10186233
9049703
7111376
8534279
2132448
9082616
7642586
9076137
7898718
6212525
6742594
5352949
8742226
6352136
5319059
10368654
5349233
5987408
9040701
6750044
7150764
10192305
7125304
10173961
7416069
7824847
7158955
7702603
9523031
5631404
2793831
8832114
5646362
10190296
7871001
10706659
10189411
10542198
9060539
10700111
5123864
237594
10414491
10192311
9220907
7661364
2595656
7661859
9075811
8192400
7434927
5291788
7814586
2167263
4661160
10299122
5549698
5733912
237358
9767589
9098800
1869313
8185088
4538143
4663921
5806723
6413208
8660371
7088267
4658802
2910554
5641723
5704513
9390398
9393080
7323397
4661622
10950001
5352945
10188734
9098892
537386
6057529
9050964
8192470
7529197
5177732
10783590
10187477
7131253
2967176
9731432
4668764
9060537
4068424
8814901
10130532
5904026
7590325
10278334
7661490
8077988
10192262
8606588
7706322
4668776
3843967
7129727
5988810
5704523
5747999
10183317
10648407
10676819
9098080
4668857
10278336
8319776
9087603
9393084
9133223
10967671
4668859
7450539
7437616
6002701
6474919
9098813
3843897
8832742
5753467
9303662
10201098
10724020
9536616
8860751
9099150
5664050
10532228
5549688
6786234
5614930
10130535
5704535
4668752
7244931
8317915
10231041
4653190
5418609
454191
4538145
5553738
7592485
2922963
10719631
9334008
1623258
9631891
10997333
9205855
5646367
4668920
10414873
5255760
6817069
7615030
1869314
9529740
9082407
8323875
8313226
5416240
4663368
3844325
9436269
10780557
10237287
5416011
2879943
10226108
10180834
10336438
5416300
6423689
5277069
5381409
5426505
4655998
10407803
5489131
5652597
238103
9939804
5686000
10403999
5255976
4668828
9492771
3958908
5435597
3531635
536181
7576765
5365985
3148301
9523037
5480870
10747357
10206922
4647960
4553677
5806719
10404494
7950562
9135648
8503215
5753472
7174147
10669841
9098894
9100751
9268642
5652600
7878296
4666075
3058198
2964962
10991899
9713564
9044714
10670807
9629393
5492175
9360278
5892324
9178784
6666866
10206600
10190093
4717773
9054221
6205881
10216554
7583652
10756566
4653611
10425588
7169084
8714042
9132249
8842115
7924360
2964917
9036715
7655945
1626890
4653614
4830141
9280886
5549732
9130714
8609516
5408982
9339901
4794996
6534227
10225870
10609559
8320837
533744
10167012
10616120
5416067
9425678
7729530
1397446
7678886
275765
8883914
7134764
8883922
3861868
9302965
1365419
4679562
9076718
1869306
4668872
7631058
6031980
10747551
10045946
9092473
4661072
2905650
3252886
11027879
4807668
9040698
5510672
7377587
7657990
7705224
10206259
4488062
9098544
6858108
10822474
10961954
7511211
6967549
5341377
5875847
3108546
4653192
1399218
3160334
2793813
5563222
9130812
8192486
5549691
10084246
7616992
5909540
9986841
7678890
6426055
5614933
536182
10481067
9081668
6520842
5704516
3160348
8610751
4874562
7239576
5924705
6587284
10183338
8252773
5649808
9475553
10376375
3185444
10946307
3844313
9103351
7612327
9067371
5642001
5480863
8904027
10206386
8731067
10651897
1626978
7563837
10206124
6275212
8151116
5552369
9059067
10189065
9007601
7378786
2883425
6811805
5685881
5549685
7583513
10781228
10190019
6554049
3958900
6666860
5268507
2594066
8631330
8731411
3064362
5614949
537394
9492800
10055773
5175658
10190028
6802020
3948007
5631410
10560008
10531234
4794794
5465517
10600790
5953380
10216641
9518803
5762315
5875848
9083020
9130717
10525185
4107098
8429627
6781500
5429173
8883913
10183941
8643065
10404001
8423797
7753538
10732222
9606459
5174844
10892494
5845088
8192493
5636491
2931358
10339890
3843990
10189940
10405094
8902040
5914570
6879186
4564275
9626071
4664758
8822108
5177733
7371334
9075808
10584115
5927729
5821560
4547846
6391322
5327002
392992
5489569
5207728
1240950
9425727
5972874
10780977
9059066
2877304
6786078
10190049
4668536
6632469
6994416
6699145
10675321
7429754
8624410
9054222
3113176
4839215
5148235
237658
5283161
10609898
4510894
8823625
10776549
4822457
10740630
10865326
10822473
6323814
6031985
5482502
3066799
8653448
5416061
8080199
2046877
10216197
10205652
6038919
1869308
10363771
10070556
5613004
10595965
9396816
5514824
3861870
3182496
8841377
10979375
9475289
4663670
1306224
9715888
10178577
9912470
3843981
8904026
2223706
8555476
10775478
9543215
9786065
10463679
9396821
10192303
7644760
9366084
9436348
10168308
10213372
4656456
1627006
6696866
8645567
7576915
9268634
7581157
3224640
8228003
7414923
10295856
10319935
10391163
4656415
5482498
5903807
7655722
5729081
10729517
4048263
8831810
5756012
10206601
9775088
4668766
10675329
3493227
7034477
4661173
7435435
5504257
9538328
10990040
5480889
9098409
10901369
5552329
9059594
2895717
5207741
3745976
3510455
5429988
7401973
237683
6077383
9436315
10337434
9338679
6274458
10606160
9071925
7642287
10335848
6278121
5541122
9715889
6354857
8722556
10190293
3996725
10792275
5378944
8317561
10464086
5729394
9149060
10481335
5913231
5395812
7236501
6423939
10183917
1883906
10814455
6416002
9098096
5512123
8731069
6788714
10212885
9082369
8930683
10235638
6811130
7428114
149861
5474239
10206923
5514823
10749291
10726563
10790682
10183340
9538187
7323154
10718526
5489538
9786400
10986932
6060160
7136158
10780978
5511935
10237230
10244465
10253653
10925984
9082404
6032003
5903321
4811043
4675823
9220905
6543436
10178751
2922932
7702977
10340759
9201924
10563302
8610580
10669842
5352015
10190024
5641044
10226353
10173992
10267748
8932612
6741201
9815066
10213474
7650291
6495674
153938
3112036
5511874
10156829
9102985
10278333
5631406
10834987
7098917
10228766
9100748
9302963
4663376
9201928
10917561
10201057
6879215
5925205
3530169
8624461
8463753
9132687
9206439
10339585
6031837
10463678
5519051
10200017
5480585
3809470
10217511
4661155
2871975
8624672
5646354
8252799
6958929
10225841
9076719
4673456
8075459
5418869
8503604
5986781
5568371
10372361
8896041
7650303
6589252
5510683
7945886
5927344
5806715
9123003
9123427
7644892
9098551
8767636
4668535
4822395
6534229
5383603
9060535
7702579
5510681
5435600
1502293
3103755
8192839
7152546
3267051
9926580
5416296
7309675
7395412
7152576
10267566
304678
7132601
8060600
10216150
4661166
9033346
10226518
5549706
237268
10963722
3712933
9815060
1952030
4662966
4663385
5631412
9122789
1627001
5489373
9775086
537472
7062750
9415470
8592564
5297238
9471854
10620031
9099132
3632255
8722564
5474359
7084494
5435599
8274881
9286608
1153346
8645565
5489230
10752291
9622543
9911006
9662871
7871000
10781226
3843943
10268137
9060536
5518989
10267732
6548114
6880665
10226079
2283781
4663106
10657782
9082406
9537414
2143462
8323872
9492763
2971834
7661420
7702936
5430022
10225812
10172524
7756073
2855420
8608545
6750046
303058
9082835
9192583
7647585
7435751
2858862
10403789
10172590
8657527
6702936
7147613
7408398
4547572
9626068
6317837
5620675
7661439
4578842
6632471
7657983
8502691
8987003
10442890
4676527
237373
6563848
10486629
9471852
5415248
5514827
5382906
7435715
7702848
5499285
5352952
10946318
6666861
9082373
5365650
8119308
5378945
5614951
10335642
10414494
6833820
10173146
10334775
9132698
4676530
6483533
10186231
10400325
9521495
6038741
6655365
10190366
4668852
4658804
10167002
7435821
6680777
10994237
10169097
6186816
7565641
10299123
10168306
10177943
4496708
10776550
10672626
4048264
1869321
8736071
10183318
6031868
10190226
5489473
5549708
5282895
10212127
10190094
6483532
4661068
7657946
8931278
6632552
10235575
10722850
5758911
6802125
5484487
3797567
5512131
8328832
10406944
5207742
6449462
3827878
5504224
4572398
8736072
3799853
5518583
7931920
10205451
5484488
4654315
6354785
9622542
9628453
7147625
9179475
10225983
5519058
8219699
6301550
10378245
10405336
5352016
2934682
5416244
157128
6548113
7566190
1380725
3523977
4661061
6332680
7521715
6697184
3103630
5438439
4763894
2910553
10217098
5409037
5646350
9101206
537972
4278397
8864497
8192582
4661654
9123299
9672000
4234395
9514138
7702488
6452854
4553671
9334051
8703699
187007
9069551
2911706
5988811
10606365
8192536
5476256
5612340
3237714
5446858
537971
8493899
7538712
7541852
237682
9689961
9504694
10156830
1987103
10669839
7576935
5729240
8509740
7655422
7661441
5549720
9425439
10229357
10780585
9098554
4668759
10053188
7583678
4463898
5409038
9324942
7437567
9092881
1627524
6281015
6553303
9713561
1346382
5174848
6269148
237632
5448683
10227365
9160938
4793593
10991856
5395810
7576815
9118578
5264869
9130725
9098822
10338198
4663927
10168869
8606594
10442141
5444087
5489445
5508929
4676060
241318
5472387
4662994
8795401
8549876
9098865
4793518
9098821
7309666
9183696
10721902
7721958
7661061
8931265
7667642
5510817
8611008
10167198
8284688
8641869
2797119
5124245
5910258
9398077
10963759
9538327
5519050
5429974
9040697
5717010
9543214
9652947
7455875
9460568
237868
9622319
5641717
5499288
9063052
9239896
5175659
9082374
6802022
237877
8770445
7703012
7702958
10212974
5704534
10267224
6495675
9728864
7655873
10077947
6723010
10216001
10831117
6760509
3288926
5489527
4822454
8455861
9601981
8087209
359819
9538329
10781227
3570462
7145744
8885313
9039603
8317916
7763086
7567074
7583511
10822472
7728563
3104099
8653447
8286626
9100501
10670830
4654331
4661070
5614934
4661082
9179576
3843987
537393
9098173
9629141
10217512
4661174
10212834
5646343
10986397
6497872
5141817
6772779
7656133
8110721
7791625
9098550
3843980
9349397
7528310
9442200
9082408
7188626
6275210
9523026
2903399
5944039
10217749
10226562
8152420
6450001
4669014
10425274
7783694
6354858
3166098
7366805
9596682
10046196
9368701
5638348
7377511
9504977
8031546
7702862
4510897
10190657
2519212
4662981
10403263
5512132
4666034
8653443
8185153
10481175
9442197
5418555
6416003
10213140
8542831
6401648
6911440
5953458
8931264
8731066
3148366
5255763
5508431
8112024
10994130
7583503
10946469
8493713
4669015
5499515
8102980
5123861
4665375
9796230
6301551
1315676
4861897
4658979
5307370
5283146
10211982
9076051
10177761
9436347
7702824
4085284
9523044
538797
10186310
1755481
5429973
10395485
8788307
4656369
5322546
9222474
10278335
5482487
8595348
9400168
6760901
9107857
8699767
9633186
237219
10567029
237677
6398123
6311231
10786665
10381748
6858111
10712082
10319856
10236553
5259421
6269005
5553789
6802124
9492879
10226533
7134628
10406689
3843983
5514828
7309660
5429172
10217682
3493102
3843995
7642950
5646331
9122622
6666869
531902
4278394
5517399
4663918
8987002
5692145
8664776
8631060
237676
2223705
9594110
8869693
5472021
7987126
7147215
9539292
7642525
10967663
7702969
153444
6504553
7614636
403136
8616966
9728863
6704707
3539375
5626575
7414927
7642523
5510682
5704520
10997891
6802123
238171
3136597
5563297
7681500
3182506
7656222
237327
7395411
8887965
10560011
8457800
1166073
5568621
10069691
2143460
6741189
10173145
7152783
10189377
5553781
812609
5816901
8192407
7163158
6858103
10699965
5489267
8319733
1050275
10584116
8348373
8429234
10226152
7703227
5418866
9078475
9486441
5283150
5418557
4822978
8883925
4658708
7614668
5489577
5709911
8731073
8699695
6955511
1869312
10335558
9090325
6317820
5418868
10217193
8606243
7315526
7642272
5541036
9179587
4663920
10463676
10699383
10391202
5430019
4661096
4668755
10631077
3163870
10414868
6478376
9436318
6445053
9040699
3199450
9478037
3626183
5539619
3958905
10205803
9441823
9520574
10212764
5435598
10199967
6785671
4758867
10335108
5174847
6032000
4758781
4666032
5332954
7285697
10929853
6596913
4668860
5553744
10414872
9082308
8624263
9772822
5511938
8592558
4794981
10339841
10226077
10400327
2143461
7325045
8419842
8631062
6399280
6278122
10166998
10244920
5444069
5508922
9338838
5415968
9160973
9594104
9063055
10186244
9486985
8000453
10267730
10156825
3950980
7306825
10229019
7702904
4488027
9060540
7309661
9303651
7702828
6031986
9973781
10212314
10178578
5539613
4661159
10077909
5944392
4668921
8631331
10253654
8643319
10186242
10173453
9278004
4653199
3195464
4666072
7824905
5207435
10917902
4178271
5430007
5614984
8631058
10226040
10188352
5480869
5207814
2974024
8751342
10371803
9143131
7643926
10190051
2254441
7160753
5875846
7898719
8731412
10172520
9442196
6760892
7528433
1442571
10212477
9059596
9368698
5553778
8865469
10172522
4668750
8814900
3996643
5552370
3064508
9119241
10781225
7644876
5511880
4794984
7642295
5563221
10190285
8625211
8192517
5395809
9059599
10292536
4665097
5498824
5174843
9039606
6736531
10980843
4547850
8623703
10669840
4668862
1242662
6332679
2927702
5365980
5327003
4668762
9155466
8596149
6786122
5552372
10400528
8653446
5514659
4648061
2855372
7929109
8192409
8983781
10182712
5349805
10963770
10399969
4661083
7703330
10212641
10166884
2973440
7644494
7661155
5328644
7411943
5900477
4795232
10908556
4658797
4663672
10481602
3713124
6880983
9334739
9092879
5474218
4658650
5508962
941007
8323863
3256780
3840989
4663907
7728951
10200086
7163281
5704531
5472024
10946470
10225585
5370942
10400702
4234304
7703036
7752365
4822995
8731077
2927527
7661237
9396813
7025753
9128881
5429509
6377336
7177412
5704529
6554032
10464087
10400742
8489703
3996649
2920099
554320
7929104
4670708
3958909
4777790
8703688
10727533
6802070
8334678
4661167
9731433
4755830
4668753
9334007
22669
5646366
4034682
7437559
4681023
7134946
8788306
7382643
7583676
9054223
8334641
6752496
10822234
10225742
7615011
9123279
9412611
10199232
8931275
6057934
1984501
7655501
8555468
8060669
3620862
10213399
7177385
5435641
10235611
5519135
4839210
3064364
10980841
6483537
7032920
5426507
7117244
5418780
10190376
5622933
7642279
2879919
10167197
4663915
5207737
5646361
1304995
10070555
7661421
9179580
7459352
7644566
3996749
4656426
5489580
5950195
8555470
1626977
6038934
7437615
10685392
9478663
4669084
8610716
5549700
6004626
9731430
237264
10335652
3284124
10442140
7614598
10378183
9123168
8537989
5418871
10425272
10168871
9222477
10404011
5652593
10442654
6785919
7375421
8797381
3049006
10177940
4665527
8842116
10892423
5707416
3112042
8192495
5499289
7374459
9080322
8633459
7534662
2690894
9222476
8917579
10168148
9177024
6666127
10179217
7642524
5649812
1653670
9537412
6038942
5403779
4798727
5547457
10205655
5489231
9192230
8643405
9831686
10255803
8722558
10566929
812606
8606606
4522303
237589
8624671
539810
5582277
7328547
1900696
3168669
9160972
9083024
8653441
4105806
9076099
6275211
5489447
4669032
10177941
8826932
2616345
7705243
4669023
4654313
2905741
1626888
5549734
7702160
5579292
5502334
5582276
2940599
3797566
9501273
10189970
2955463
5646358
9442198
5519139
9151101
5207758
4658981
9143130
9470188
10560010
4663909
9441821
9920201
10476795
237355
8631202
5501482
9095265
9600024
10808006
4811431
10177762
10190364
10888156
5174855
7834406
10481332
3111606
10672625
4662974
8043958
10225784
5177728
1330057
7577628
5504220
238265
4662985
9341278
295534
4775402
6126578
9100959
6802341
8592468
3105439
10669836
10216292
960410
7147738
8791514
7454061
10406744
195412
2921114
7129246
7644767
4666076
7682719
10420245
7783693
10216434
4755829
10843275
5514661
10216055
10199894
10216502
10396979
9149061
9441822
7931931
3136523
5472383
10230338
8503126
9177026
7939418
2594051
8609514
7834146
9069577
7041839
7655484
9107825
4659071
3059665
9048382
1990185
4794799
8328791
8323867
4676333
10481068
10344077
4510899
237331
5366238
9177030
5753032
9108131
7703018
5933638
3284125
7138267
8192527
9731429
5641711
5614952
2746412
1862950
9195154
8664778
1225378
10178981
5418779
10108795
8610636
4653205
5489578
5501243
9926579
6723011
10404472
9192585
8869891
5409040
1869318
7395422
5489268
1315673
5549693
9158987
4658527
4663665
9518801
3115654
6406286
2888702
9083505
5914486
5489535
9192586
10672623
6849202
4663908
8904028
7403707
5430030
10727534
9786037
5316645
7822761
10532389
5316730
5972280
5516445
10188969
9671998
10267824
10917714
10059621
7642431
8660266
2256354
5389212
4658530
9113630
5410153
6666090
5563217
10212792
3799855
7981928
9128885
2934289
10118270
9098091
10595884
5418865
8705379
7158781
5418395
7576947
5649810
5177724
8621553
5489571
4673386
5541037
6038921
5563148
10188968
7036234
5704736
7306823
5549683
9149058
4522718
10183940
9158314
10442142
9033326
1465555
8624670
5207430
10404003
9622544
8746325
7704646
9130718
7576981
5641713
4794802
9397979
4234320
5418580
7323396
9099400
10620028
5516443
10338195
10173390
1883896
10188351
3224719
6483542
3949428
10442145
9158769
1447414
7435682
10258532
537471
8631203
6741194
7152552
8664770
10178239
5927726
10414867
9132697
3740244
8812187
7309676
4756124
3512640
1869327
10403498
9594106
10986387
3166081
4807669
6127128
6747247
10216653
8824691
6554035
10190089
2879920
3740337
10174334
1869305
9128883
1627005
10202248
4665096
7339827
4793592
8606239
9033348
7239519
10051179
4663913
9160935
9823527
5636467
10391068
9804451
7372784
10722415
10173959
7062754
4293817
8320838
4090184
9454451
8897955
9492766
9098820
5288296
9393081
9059598
4673457
8192425
10593246
9158945
4572628
4681236
6377394
6553817
7319341
10212169
6727852
5714045
6317840
3146087
4822988
8718172
8015908
1627004
6593351
8931268
6611906
2964960
8943739
8601775
6391331
9436313
5331553
8722559
3045963
9600028
9178824
237590
9178786
5604962
9008008
10216720
5704519
3795260
5415424
5508957
5993189
7435317
8456317
5712122
8664765
10706660
5715807
5255761
6475704
22652
6858104
2305460
10893792
7328581
9626067
10267226
8714041
9103347
4673452
5894231
8767828
10188121
2863068
1869310
9523034
9098799
2064952
9123166
4663934
7697922
5953376
5552376
8192413
10205690
7702792
2855313
6285125
4661084
10166929
5426702
10651871
3494094
7645219
8731068
5426549
8718168
5489547
9075403
1626980
8555465
9232085
2883446
9268638
5467476
2940633
9520724
7150715
4680771
3203386
2597623
8192464
5553798
7661461
7435459
5383343
10244464
5830938
7155165
9108027
10406653
2978351
237674
5927365
5887501
8660370
10338196
9083021
10729516
9520729
8917578
3958913
9105772
7661451
4744201
9436268
2921231
5177722
10122976
9132250
10338199
6114550
5310481
2894768
10400732
5953457
7645256
4663445
8826928
10726562
1351887
10950000
10228963
9202124
6794137
5910077
94043
9594112
5927342
5484385
5518998
9324944
10229164
3672541
10888158
10570199
9602075
5552326
7309664
3123074
9033325
5489570
10226332
7395406
9081446
10418116
10619196
5553485
9102984
237332
10822470
8731050
2332808
3767265
7805102
5371558
4717677
5887480
8624669
7929103
2858666
10173119
8635918
9158403
10616121
8699766
5552378
7702933
7830988
10206548
5516442
6057530
8643016
8641867
5552375
7576766
9786068
6563847
7363804
4666074
4822981
5465530
8484197
6801506
1883899
5148234
9133524
10244463
6641110
10183586
10217119
5753460
5704730
4658528
7615032
544254
4663371
7580970
5349807
8091321
7576986
7830985
6269019
7511153
4240286
6833789
7387312
7228559
4665526
9098148
9119302
5429174
3843964
10292537
5981192
10156822
9098082
3958907
4830189
9786067
9943979
9183499
6897007
10447185
5512138
6381710
9503197
10997861
10189076
5552328
5918512
6858102
4656428
5435624
7401971
4775543
237670
4668832
2124962
5174849
8891630
7587320
9206438
10199496
7655502
4664756
9518804
5508933
10669832
537245
5904343
6447031
3843911
8746287
5410676
4663911
8983782
3066798
9161130
7705105
10335339
6275110
10327078
3182468
2283098
9039610
5641950
5365986
5650345
4271429
9334005
10997860
1883915
10217165
7309678
3918969
9339905
8649164
5435601
2934663
10213368
3542029
9537410
4822983
10405135
10415710
6269215
7088455
4662987
9713562
9082376
4090182
2855411
3762431
8712985
8115559
7650292
10212862
5430029
10319888
6445054
10532335
5415513
9049705
5426546
9039607
3843941
3797557
5510677
10421470
7644950
9087631
8624462
10480858
10213482
7244932
10676817
9049704
6771392
5646351
4775545
5381410
8079808
9352731
4669083
4662980
9098045
10230261
2554826
7950560
4547844
10403642
4669076
6749893
9492878
8933968
2125695
8192552
8823877
5753481
5484587
3843895
5373706
9605518
10183916
5352066
8631205
8643067
5389860
7435930
5512415
9715887
4744213
10206390
9179579
5141528
9727197
4663928
10963289
4673451
10675327
4669013
8456318
4668874
4717775
3160190
10995443
8767829
2361828
9726965
8643404
7084514
7705068
5207745
5435620
237259
10392385
9202125
7309672
10186282
8323861
4658978
7344456
4861894
7576813
9916352
7399381
7382644
5430021
10722180
7511321
3493740
552540
6268908
5309030
5342294
1627909
10167668
5283148
4794796
2347589
2919938
9268929
5484705
10908734
10473630
9033408
10167196
4822992
9891016
10532287
5635658
9158984
3843971
3630001
543980
6031988
6223760
10229002
2903400
10822475
10442892
2216527
5511795
8328789
5291751
9435870
8931267
6967548
5446840
5704738
3740262
8820059
4662990
4811392
8631201
8643320
8027878
8611006
10166792
6802028
5489545
9076138
1321747
9967726
9155508
10174332
237266
5493661
6833712
5426550
5680679
9360304
2859097
6278123
7319343
7642526
1627910
629980
10554907
5444086
9160931
8672407
8931271
9097969
9087602
9033323
4824878
5553790
10400608
5753447
5886970
2918107
9082834
10699963
9076243
9438567
5518974
8767832
4668868
5426516
8592562
6772406
10226036
7152545
3735833
10564329
4661066
5316720
5472397
10172518
9158396
9302966
1320742
10168305
6415857
8660260
8921794
9400326
237675
5517402
10190365
9282721
9167542
3104098
8859986
8307961
5518971
4656404
5704734
4653630
544768
1856078
533746
6741196
8111873
5426867
10405136
3166099
9063054
5480873
3844047
5512296
10217705
4661077
4663916
10712084
10216643
5887502
6142545
5435622
5352753
10186250
237387
1883898
10752293
7309673
10206579
7062753
5652601
10167199
4585488
10174220
10303194
5438440
8921797
4822986
5255759
971481
4756125
10206550
8832741
9205854
4661175
8534277
10225615
5512136
2975822
3493119
4669031
10732219
8849886
10997331
4775406
7576894
10205796
5631419
8192520
10215924
9902488
10997837
3234381
5652591
10892422
4662997
10481820
10825198
4663105
10365525
9460152
2951725
10532069
10217152
4510877
10188965
6879184
5349806
3348235
10225609
7303423
5418877
6697185
8839304
4577257
237879
10210712
10384758
2240939
5519118
5552335
5446859
7538922
10189582
8606603
9069550
10893849
9082309
5972885
6833823
7371315
6467302
8631059
5646345
9786072
5646335
8323874
4676332
6447056
4669029
4668833
5429977
150081
6840085
5641722
8864794
10104670
7642585
4795235
9239894
9084345
6563850
5438422
6038927
8631206
4547842
241864
7729326
9786034
9072235
6401691
9334053
10675320
8111950
5500865
9132684
10425270
10045952
10827794
9122624
2768378
4663384
2881951
5646365
3636295
6038937
1883897
4668774
8624414
7435746
9100747
8319777
8610641
3148300
5372800
8897956
7201051
8185146
10190292
10213277
5444088
8592469
3273391
7177210
6377334
4510910
10212161
10378246
10560009
5416241
8535776
4669012
10258969
9299711
2071713
2971958
5282879
9160975
10377625
5514822
9160934
4679642
4668869
8624413
6106367
4666035
4830145
5509110
8087268
9143367
331144
9072212
7435806
7236502
9183695
4669035
8120309
8722204
7435290
8643139
5416243
10562080
6354622
7642554
537303
9467448
5607977
4717595
9523030
8819602
6605921
10168886
9785988
8998908
5480458
5508954
5569944
1625988
9095264
1889593
10212978
7928865
9334743
8633566
4675809
9102632
8631065
5472012
9079648
8998909
5553809
5981193
10323062
7644734
9155598
237688
5892323
6772414
4654322
8456314
9470266
2119461
10714123
7435357
5960701
10887243
7655499
5478128
10200099
8826610
6994415
3110358
5489274
7690169
812610
10421246
10945391
7661487
6881118
10414488
8185057
7728805
7703010
9123940
10168885
5912561
10226645
9772821
9268924
7142750
5704517
9396811
1645676
6031992
5418870
5283154
4658870
10811206
10188526
7661427
1883921
5174850
8624535
5418556
808878
10235662
10168464
7134620
10410130
6990329
9118737
5175660
10268304
8822106
5518970
5536906
10265843
5381180
10721898
237503
5484388
5489464
8921796
7315528
10228956
6750048
10190010
5714399
5646370
10726569
6497873
5416298
7614629
10675323
5614932
7395778
10228724
7328545
8624617
10587627
6435472
6016329
10726680
7131263
5500892
6641111
537269
8664773
7702258
2864389
4648083
10211965
5517409
10217093
7642534
3373576
9352730
5516441
8657525
4538147
8691818
9492765
9135797
1627908
6927160
6553285
10166885
5552332
5729568
9396822
8592470
7928866
6801488
10199864
3227105
9268927
5642191
4675860
10225578
7642426
10174331
6987462
4661153
10706292
4654310
4668858
8631195
9277995
5316912
8864790
193029
4658710
5704536
8705754
6861718
5626571
5553792
7315525
5418863
3160248
9470187
9520722
1756984
6304541
1784497
8864789
10336404
9135687
9728861
7105153
10323354
9158985
5489566
5630894
10990039
4066143
6504554
9277983
10986680
6741191
3202640
5519117
10414533
6391315
5614931
10226415
7702483
4547845
4676331
8722557
7869773
7753531
9116724
1404840
10368569
10199878
7702949
8592476
6632553
7586542
6301555
9401741
6310476
4240285
9471608
5539600
10045948
5282892
10206512
5255756
10790680
3259966
7332486
10400614
1627000
403138
5641949
5283151
9149064
8824692
4130653
7025754
10267211
7728733
8823878
9786013
4575420
10414490
5175663
7025751
7931930
4510882
2875755
4240291
237873
9370858
5924475
1869302
5500866
5410680
10189417
10893791
6478198
10964994
7616973
4668751
7111377
237376
7621463
5416012
10552634
8829259
5430032
5514841
8824693
10729463
9092566
5709718
8450674
5514830
10172383
1626887
3185569
8906811
5563225
5489269
8555472
1755480
7583474
9158946
5691877
3896719
2329642
4663924
4654333
2312578
9232084
1346381
6437271
9050941
9984381
7642280
5489450
10212977
6377412
9143366
10259319
8791170
8592473
6391320
5418782
5518975
8643318
9282727
9076052
7152554
4662986
5661603
5426703
9174934
5368684
7645361
10055772
7036232
9083025
5652602
9081665
5704532
1365226
5649813
9039611
4767458
812612
5480862
10212827
5553786
3503915
9596688
9543209
6666061
9105574
6285131
7614561
8456316
5489446
5680700
8841144
3849959
9601439
2399760
6310474
4668871
7779519
5438430
9063058
5806716
5405019
10201139
9076139
7642511
10825709
5640103
4653194
4775419
8819501
8014409
3843946
10336384
5467443
4755827
4293816
7088456
5448851
8192401
7363438
8431222
8703684
8589554
9902159
2071712
6031840
9033404
6788715
5664046
1323052
7124606
7367161
10268279
7576966
7644849
10339984
7678885
5429978
9158991
4577256
10188122
5426510
9068939
7309677
7152547
10172578
10166476
8883904
5611315
5430006
1869320
10190390
5268722
9103643
8610801
7987183
5675516
6186841
907023
4668849
10226151
10814457
9415496
6362954
6881119
6310473
5830942
10939600
10226540
5418397
5516448
7852252
4822990
4271430
5519146
157087
9082790
3947521
10980844
9299712
3049597
10609560
4717676
4656454
8859685
5316829
6483470
6424032
4547852
9081664
6688010
4668758
3843974
8192403
7576808
9127775
6990328
7376170
10228931
5508952
6031987
8499397
5474360
9158394
9303659
5909443
4676059
3256368
7583775
6416005
9466984
8308003
6772485
7408399
9396814
8185113
5549721
5207421
7388840
5514832
7661472
3045964
1626719
10721900
7618879
3082503
7201318
6802393
4658800
7117161
3007270
6401649
7401968
5748000
9120161
2095352
8537987
7889774
5704398
9100953
6310471
5518991
6135577
4666036
6391316
7099311
3795261
10335943
10323065
9813416
10395263
5825771
9179583
6930736
4670709
8883920
3254005
8110722
10481069
9393078
8791172
7576763
7644087
9102987
8624241
5642383
8624668
5310486
10442655
9891015
9341185
3182498
2879918
8606244
2888701
4822993
10595883
10616123
4764405
10192464
4671065
7678889
8185792
10319945
4654318
6741195
9538331
4658801
9368695
10908630
4653189
5512135
8616967
238130
8151117
5429976
9699756
6837866
10278331
3614998
10190288
9082226
2955445
4822396
5365988
2189174
10753406
6415980
6002727
443467
6781555
2923939
5372055
9341184
3166080
5806714
7682718
4488028
9398030
192892
9671996
9107824
7190071
10400606
5480890
9303657
8859987
10217252
8001727
10775480
4658647
10395574
6879192
2283780
5649809
5649814
3774814
237328
9123167
4780956
10206640
5207438
10183333
9133504
3958911
9060533
7663494
10780586
8039995
10188777
10178579
6554030
9349396
8237048
2940160
5283152
5903804
8609513
9092032
5806717
5448850
5553787
5282878
9415495
2859111
5614982
7878297
9040695
5415486
4066248
10058481
10267731
6771360
4665058
9067372
8657529
10210711
2189754
3256778
4661631
10106871
10183589
5704521
7698822
8722192
4717675
10169098
9939805
5646344
7152548
7401970
5472023
4668923
537424
7134667
9098407
9330086
5704526
5563216
6038933
10226125
5609383
5641709
4578600
5553802
9083023
10267567
8864215
10747358
10015099
8317564
7103531
1380724
237384
5552377
3539378
5395811
6416001
5914523
3541926
7102411
10929851
6504555
6605922
4780955
10512068
6032005
8429225
10946306
554487
8838264
7427517
5311858
8192543
8660116
10675322
8820068
3123077
6930738
4289538
6586699
1869325
9160937
7437072
6641326
8102981
10225400
8643077
7178045
9105857
3208653
4668771
9339902
2518704
4271428
2888699
2916459
1625424
4755907
5438441
10216333
8623701
3103854
4822991
4734793
8185170
2797118
5380703
6666870
10077955
6802120
10188956
5448833
6802391
7401974
4039417
5516451
7435890
2125400
9098060
9278013
10190377
5635659
6840087
6802268
9523042
8731048
5342581
7703019
8152864
9676341
3182503
4663383
9098863
5814396
9222317
237656
9536614
10651968
8328816
7661088
8328819
6660382
4662969
8731410
5552371
7763089
5549705
9360213
10000416
5903806
5245803
5482488
5480871
4671064
8185105
6014637
10554693
9634736
8463752
7521714
9368694
10179005
4659046
5622900
9072153
5411001
10212164
5480891
5553808
9105816
9767588
6401693
10822476
5386613
8185930
10235648
8870276
5650363
10763511
9926599
8728117
10168149
5900476
5704729
10217132
9201923
9082392
7645018
8820065
5310404
7406606
6323812
5904360
9137243
7580754
4488036
7727232
2888700
7928867
7928864
8824694
9098061
10235694
5123857
10229244
10442986
10372080
9099134
4510891
10405018
10246236
8787838
10390705
7134949
6554065
6301552
237869
10013272
8132601
9059595
6401655
5418861
8660176
10614547
10616122
6424035
9098119
6038742
10267227
6554026
4755832
9158943
1376573
1626717
9671632
5568372
7712320
3861869
10406559
10206262
10216217
10258533
6666864
4293819
5297232
10400465
7442159
7644268
6308311
10292535
6990327
10780789
8288836
7612273
5646368
8252800
4661086
8633456
5435632
9520727
9239895
9523041
10226039
10745717
8664762
5620673
8820062
10814456
9789571
4655999
9219550
5704732
4830190
10187144
9081533
5426863
10212812
10235668
8998907
9767232
5500864
8317917
5748003
5341378
10225947
9151098
5455674
7437511
2927676
4811393
10205450
8731049
2881952
11005499
7612235
10385206
6096633
3488865
10260030
1883911
5446862
9509829
5489270
9080897
3631835
10190379
8592471
6446962
1883917
5430008
6406304
5563215
10963447
8334693
3317675
9622539
5510684
3064360
4666073
9069549
7648089
7371236
8649165
4661632
9128884
9804136
6897153
3861889
2185574
7705266
9432307
8931273
175268
10669425
5549703
5426860
10648406
10200020
7154838
10242181
7344457
4676531
9662868
5649786
10235596
10365526
9119231
10368458
2407365
6837867
8631204
4240289
10226737
6157668
5426456
6377338
8731078
9099263
5704518
1728708
8496559
7435853
10403745
6483538
5489134
10225608
4822982
7644708
4659070
9282720
10945389
5729242
9059065
7644034
6377335
8664766
629982
5646357
3248246
10167010
10212656
4664755
9104792
5307298
8376897
9063053
10442653
7703053
5283149
9683154
7642508
4656411
6401654
10780556
5862859
6002439
8904029
9622538
7661934
5517060
10929850
3260018
8079809
4654323
3245936
8111884
10201009
10228948
4676483
5733946
10780790
10228814
9470264
5429979
6183235
3602717
237547
359820
9767229
9662870
7163312
9105573
7279149
3844038
4668922
4234322
4654319
4666047
9242624
5492170
3844002
11012411
5823423
9195152
9475866
6858097
10212727
3219516
9081712
4663448
10995881
10235771
9114514
9713560
7635099
9786071
537970
6031839
7655425
4257410
3104082
5207727
9108132
8098758
10226508
8823623
237475
4794998
2768199
10783591
7399382
10676125
5508958
10372235
10825199
962578
10077840
8941703
237509
10190289
5365987
6483540
3219054
7401915
7084597
8323857
6038929
6275208
10481177
4669036
1347903
4668749
6401694
6424024
9804452
10344035
10335328
10217465
7644689
5685880
7642640
3814804
10267752
5504222
5759015
7175439
10334854
1153661
5987188
10405436
6028876
10675325
7134666
8192449
10235615
9060538
6385309
5553769
8192404
8592467
9081667
10721705
8444786
9178822
10212485
7332610
3996751
7576807
10205746
8883915
10808005
2922771
8606409
8869890
7323326
5646376
7928863
3064220
4658531
4665424
7399648
10174092
10077802
5316719
5416249
8115556
9470176
5448682
5371063
5923200
5408980
10764652
4807680
9119304
10442754
3064188
7352175
4668847
5964398
8348991
10669426
8913939
10564330
5255754
7642510
7528630
4665423
9594108
6310472
2910564
4675822
7702489
9116725
4281222
8606410
10172534
10729515
7642513
8664769
9396820
10407104
10564328
10212583
4668451
6858115
7675795
3562652
8698095
10186235
5514662
7642281
10813609
8100841
5518994
2925457
4822388
4822994
8702956
10722851
9796262
9727441
163790
7435486
5429511
6858098
2472847
10983838
5307316
7792132
8493900
10995052
1627913
3508469
10338197
4234394
2189718
9191737
7792133
10225928
4861885
5389678
10997894
9105575
6752443
8819601
10335323
3996726
8653452
10215875
9672002
10230430
5379667
6858112
5582278
9158770
5838753
4743423
8319735
7374392
4661630
5380729
7218725
7655835
1315672
9044711
10216364
8141043
9471609
7703088
10414870
10512017
5528027
10731263
5753482
9470239
5549731
10567778
7678876
7332488
7783896
6622914
10822233
4510869
5574585
6424031
5516446
6424028
7828015
10780788
10225833
10418246
10442144
8192481
9441865
9158774
9158964
9160977
8494165
4663906
4714508
4668746
10512016
5463770
537304
6752444
9425651
10731514
9080896
5380683
4798737
10336801
7702688
9507980
8192483
10190389
7987182
4822996
10167011
7642312
533745
9160976
417687
9334004
6879187
9902703
5636412
9352729
10173454
4661169
7511178
8616971
4668760
10994129
8631067
5408977
9033462
3795489
6879211
5426548
5438417
9067370
6269025
7084596
6702967
1883902
9334741
10340061
9600025
4668769
10676126
6038920
9130460
9104938
8474971
6666872
5480888
9049702
10229486
10731513
5502333
10045949
5553793
10291046
5641725
237510
6742596
6855119
10166883
237348
9218674
4653197
6773920
6802021
10887246
7783895
8606238
9634735
5614950
7395407
3008736
9029786
6031997
4744203
237350
5705256
7241405
8192455
10887245
2946387
5646352
6637669
10963426
9123410
7945884
10174329
2555002
10676818
9036716
5207432
10169134
7647961
4653191
4775979
10606159
4661088
5552333
10212826
6833819
6879205
3844055
10190391
4662993
6036777
8624463
8859392
8452741
8606587
1964379
8185142
8775275
4661164
10206883
5430004
7678888
3182537
4793038
8703693
10335340
9063059
6750039
10336800
10721465
5636411
5484585
6385308
7657942
8691791
9130713
10319384
8455819
9060541
7702161
9143369
10217043
1180962
10253655
8499394
7306822
6881120
7987180
3331284
8151118
4653202
9098823
8185050
237353
9339899
7648452
6697186
10666019
10322766
10168463
5410176
6750043
10368453
6802340
8849860
4648276
10724021
6637670
10121898
10609557
2934683
5553745
9130715
5508963
5762316
9415497
1883905
10930161
172172
6317821
5484588
7644676
9823529
10917694
8767635
3795318
9505071
5804077
5621702
10631078
9092033
10244466
10190219
1413208
5328643
8549874
9124257
7850132
2863069
8192500
3166075
10225967
6301549
5322049
7117227
282850
7728954
10335561
7382444
10579964
9973782
7852213
9368700
10319900
10705191
10396498
3123075
4240284
6994414
10322381
4668856
7134671
9080895
237364
7702891
6410630
10156827
5474428
6786232
9278011
5704508
10186243
5438427
10481066
10172533
10078126
5981190
9049701
7159114
10178753
6788717
7130993
8703692
9268928
9633187
6281033
237550
6772407
537398
5268023
10189570
3530055
10484966
5705257
5838734
9536615
8185667
4663373
9523033
5910378
10295859
10213535
536183
5499517
8631207
934940
6641311
5504219
6837865
5489537
8549875
5292082
9268923
2964947
4661065
10991953
6788718
5474232
5508924
7076383
5416297
10335309
10224382
10780975
8746288
6304539
7435436
9044717
8496557
7642670
10182713
1963250
4659043
8954708
5704814
8064670
10213416
2347671
2973439
9135881
10980863
2598666
8635944
9040746
5499514
8592466
3168677
7088570
1447325
4675808
5519115
3211427
9160939
5569823
6879160
10395213
5914377
3949427
8334775
237465
5984885
4669034
9594114
1627521
3550270
5646375
6948551
3949429
5429989
10229412
8820064
3082434
9523028
10187270
7644828
9158335
8643014
9080227
5416299
6401653
5704510
9442201
4668768
7702605
2991711
7577333
9302964
2923971
5552367
10172531
1625196
5489188
8849632
2903401
9098805
9202128
5438429
5444089
7134665
1883908
5501475
5418872
6704715
8841378
6622439
9230652
3508210
5429507
11005071
6599561
10396779
4669082
1623256
3764784
5484704
8064780
10979385
5704512
8932613
7134627
10415711
10406664
6031869
6880987
403137
10168465
5316729
9396810
8112154
7332608
6833790
5499516
2179750
9039609
6698748
5631418
10403788
4807642
5685951
8616965
9399423
5465577
9920203
10226750
8746290
10481174
9079317
2905819
2921066
3166100
7331885
7920316
5321894
7973107
9786070
10372265
5806718
5481895
8864788
9158942
8323865
5174853
3254629
10130533
537268
5553791
9174936
8494164
10668791
8675286
10721467
5429980
6416004
10783589
9634293
5518993
6423687
9133224
5510678
6927161
10182635
10069690
6504558
5489567
5617376
812605
8643141
8503216
9425442
2216368
4572294
7674340
10190388
6031994
9631892
6301554
3105444
3493312
9610101
2219448
9038074
5528026
10732204
5512413
5518996
5512139
9087630
5286609
10237314
2871976
4811395
5646373
10127987
10174328
10413905
8100843
5283156
9232083
3693702
10722853
7753534
9731435
10190315
5510676
4665528
5553783
8555466
9273800
10991952
10595880
6786236
6452822
5175661
7414920
5646346
10206894
3518941
5518972
6437643
5416251
7376169
5395147
6886727
5282880
5729177
7702618
5489243
7825360
10186225
9767230
3115695
8489700
3996722
6391323
8631061
9393085
8616964
9092815
6802265
10206125
9994114
4232053
5919013
2903325
9495904
7705135
3847764
5207442
184652
6772316
6553943
7467943
5123854
2881863
5489562
5704515
9602074
5718889
7435455
6666859
9038072
2859093
10179018
3237715
6377413
6666858
9122625
10188957
7579231
3115499
10609899
5463757
10225621
6391321
6475727
8751471
4663366
4675826
1883907
10740629
6458153
5484586
10226757
4654312
9728867
6811804
9099634
9067366
4661064
7371336
10188867
5365993
10172521
9973780
7643925
4488040
4658652
7703413
5638346
6038923
9048584
5410678
5489271
812614
9277986
10947210
1321857
10213017
2183654
4553585
4658524
1315675
10168466
7064815
1335681
10783592
8452739
2864328
5472385
6752494
9967725
6701154
8439052
10780784
6032001
5512129
4654316
8804387
5519233
9605517
10685393
10868033
7657993
5446842
10044013
7434863
9334049
9268631
8841143
7152543
6879191
8791169
9268641
5123858
8606237
7435752
7766366
9072213
6405813
7511322
6749894
5174842
2119462
7152943
8328831
3082421
3205490
9604071
4675862
7499595
1963249
3886756
9099131
5519049
4648598
4669022
6848378
10780554
5489525
2951976
10182714
9596685
9072116
10700113
5430035
5753461
5489272
2898293
6772303
5282890
5641718
10814454
8334688
1627003
10676816
6772806
9767248
148549
10045951
237343
5316810
8887555
9100498
4675861
10226354
7315527
3273105
8405190
5646328
9123993
8440583
7200440
2934632
8736067
10963287
189361
8660367
5310485
10200014
4822980
10059149
10188348
3064223
10229467
3110405
7471326
4662988
9039608
1070497
7642297
8722563
7583504
9435869
5512414
5995918
5426553
10189452
6752441
7437524
8192521
10722852
6666871
3158335
9492764
6428380
9123992
10216604
10217144
8610635
7822759
10172528
9441863
6424040
4673446
8524949
10404396
9471855
8954707
10579847
3202641
7702475
2518645
8884936
3706072
9099149
5430027
6727853
5620657
9523027
4547848
6529386
10425271
5646348
5512124
7088563
7655516
5960590
5518978
8726214
165348
4656363
238170
5402802
3123078
7134619
10414489
10722414
3843970
4775980
8731408
4794985
9039605
6599563
1071195
6704822
3064382
8252762
9681413
10190047
5549689
10287682
8192450
5636616
8114680
10186254
9099403
5514664
10303195
9087632
6618625
9149063
9433898
5729263
7642512
4656425
8731047
6772269
9470240
6424039
4665529
10721466
9380715
10887244
8185890
7375004
8320737
3126622
6424033
1741365
9443711
7729327
3996748
5547455
10342100
4710786
6184369
8320836
6038922
5539601
7085345
10442139
10443180
8841375
10173144
4676058
4488033
8185906
1100973
9600614
10732207
4673383
1475478
5547454
6879206
10721899
237385
9179590
7141059
9268636
2133959
10721706
5909985
10930160
7763088
5646347
4795234
4668763
9202314
5123865
9095109
5489582
8631066
5512125
5418398
5283153
8185771
7471729
7642284
6310895
9100958
5519230
4794801
6452823
9442195
10212435
7644432
6858096
3219090
6424029
5516447
8660265
4851339
5646349
9520723
7152544
6142547
7642441
5448835
8660178
4553673
6483545
9133506
8436412
5686001
6060154
5528028
10893026
6772466
7614396
10167671
7655514
3843944
10825710
9130930
9192231
8192480
5839676
7644675
6038925
3064162
9268640
4663914
6405663
5268488
10200961
6786178
5901447
8731070
5283144
5474361
10376376
8320839
5936328
6401652
10291045
6475755
812611
4662964
4663673
8606592
9338681
7576827
5989363
8823622
4676061
10596985
5012096
4023360
7642286
2297096
5960704
1346377
4656403
5418873
7655851
9119305
8606241
8060653
10712083
6699154
7134950
10531863
9523043
10187271
1321856
2855416
9680100
9050945
8645569
5652590
10225390
5429506
4656422
5484605
9050967
7117232
9123275
10336401
3527456
4661652
5316644
10917693
6858106
8660200
1627523
5511796
9393079
10228670
6811131
5704527
8845695
9626069
4661157
102278
9442199
7584554
9349394
10229397
9160812
4676523
6424026
331143
7692365
2910550
10600791
8894259
9282726
9082244
5316656
4673402
1627907
8192463
9910804
5342724
6833827
147281
10166999
9360356
7618401
7576695
7071692
7962796
8456315
10077841
10192292
812613
7661245
8641868
7642269
5429510
3849999
4653612
9699757
10211850
4578713
237377
5342584
8185665
5549684
812602
7414921
7795813
2580595
4807673
10596984
8746324
9979247
10336406
3843893
7647584
6811132
7655559
7152555
5429508
5426704
6786230
4547853
7647963
4807650
5426506
4665135
8192494
5446863
10174222
5283402
9100960
10708333
7201532
10400605
9368697
5614983
10643126
6031982
4662965
4066587
5448838
5342587
4675824
9796260
4662977
5903805
9137244
6038943
2119464
8931270
10082088
6833828
10908669
6858113
7062756
10893848
10706285
5489374
4759129
1306222
148541
9100749
5416248
5484662
6879216
4811396
4572653
5510674
10963752
9282725
6668676
6772808
9425728
7650293
1869319
5207437
9425623
4662989
6788721
6049366
5536908
7067797
8499393
8192488
5389718
6771383
9629139
9393082
10947212
5463769
3115653
5472386
10815399
5549692
10334776
3103669
6007395
8592479
4665599
4488039
8703698
7323327
6840090
9081672
4656365
237508
10006929
3185671
5426864
4668748
2855439
8431221
10167195
5615011
3061636
4659069
10226045
9098408
6424034
7580722
5856953
8496558
6881117
5207740
8664763
5316718
5519227
6497870
9538192
6624746
9040745
8185499
7576891
5549694
9495911
6858100
3508527
2597625
10726565
5642192
8499396
10486632
7152553
4661163
7134669
10201054
10486630
5516766
9230467
9033347
5342725
4661154
7347074
5310480
9849075
4240288
7644322
8672406
9092880
8192458
10216536
5510660
9278012
8080198
9303658
3886755
5508699
9786069
9044709
10189312
9079650
4665523
3843954
4488038
10295857
4668831
9059593
7510627
10403620
7062755
8643322
4663675
9133509
8592559
6424041
8624666
10177942
6534226
10366366
5497209
6817065
9050965
2894653
9192232
4664757
3512171
8791156
9363335
5626573
5426108
6858110
7323155
10888155
10216362
1372911
5207729
1153517
8326070
6760508
10967658
10183337
4665053
7324607
2894655
10400613
5316659
237351
6023827
7160754
2931207
6038946
8429227
10202249
3477695
7408246
10190392
5383301
7174145
1910193
9823531
10567026
10174090
9401909
4758992
10167670
8120604
9124072
537288
5518988
10595881
1952029
10669835
8887559
9039604
5489472
8653445
5426551
3209527
9715886
9068938
8814396
4662958
7763085
10178592
9179581
10992083
5549686
10055774
8621550
4668747
9119301
7348640
9135799
9483861
6697292
7303432
10237294
7395777
10189913
4673403
5207424
2921984
4661081
9492808
8643069
3871768
10566930
8039996
10167669
4767151
5646336
5455673
9098896
5519045
10323084
5549702
9973778
10230399
10366144
9334742
4793517
1883920
9155475
2920092
10386854
9123945
9206436
7434865
10414532
5887776
8633455
5753033
10335324
9106043
6738507
5685998
6923936
1627911
10780786
4668573
9090196
4668827
7303570
8998906
9038653
3843958
9081673
10368570
413652
10335973
453685
5903317
9135880
5904027
9425441
5365948
5511934
10268104
9242627
1571732
10188958
8317560
2726742
7753530
941008
4653627
5508433
9282724
5514835
4661074
8111825
6397031
9714600
9135884
8770444
10672624
238166
9076716
2696633
5402644
7117160
10188705
10206387
5512122
5549707
8316983
1597200
5511939
4676457
10745929
5833866
2922104
10039076
7655968
9622540
10763416
10335635
4668873
5472388
9393076
6454983
1384283
5145486
4710338
9542977
7642617
9151102
5547861
5936540
10053185
9044712
5489130
6785992
10334907
5707417
2920100
5426552
5685954
9158334
7655452
5836884
1967769
4656399
8612721
6038932
10169096
6444985
2910551
10916292
1475481
7703028
237357
2726740
10188851
5986836
4673385
1380723
5512120
10212658
5438438
10580642
8859984
5759014
9081711
10362665
7583518
3132961
2971724
5661115
4717678
10268307
10993920
9113629
9098079
9786397
3550267
5416063
3494093
7655716
8703687
4488032
2191942
5492176
4676334
1751111
3709644
4662957
9158337
2975823
8624411
5510818
10980916
5429975
9600029
6032004
6772803
1657609
10381015
9396809
4234393
8643013
10614548
9044710
6641310
8767831
3185419
233742
4662970
7428118
11012122
4794797
8624261
6833792
9179589
8192473
7642584
5539611
6896393
9082391
9080894
7576767
5435623
5326964
1296807
10213491
5402577
5438425
7395414
8606584
8770443
10827795
5409041
8592472
6554033
10186270
6213178
5630068
5652594
4661162
7306814
333534
8767830
5177727
5704731
3894644
8941707
10808008
8820067
8643407
4795233
5429971
9007602
5641721
7177277
9742101
5474219
7131262
3682230
7041838
9397981
9081674
6552153
3843975
